33 
1 6 7 10 16 20 32 33 
2 4 14 17 24 26 
3 4 4 6 13 28 
4 3 3 6 12 
5 4 17 21 26 27 
6 5 3 4 12 19 28 
7 6 1 11 20 21 27 32 
8 2 13 22 
9 4 14 19 20 21 
10 6 1 11 29 30 32 33 
11 6 7 10 27 29 31 32 
12 4 4 6 19 24 
13 6 3 8 16 22 23 28 
14 6 2 9 19 21 24 26 
15 2 18 25 
16 5 1 13 23 28 33 
17 3 2 5 26 
18 4 15 25 29 30 
19 7 6 9 12 14 20 24 28 
20 6 1 7 9 19 21 28 
21 7 5 7 9 14 20 26 27 
22 4 8 13 23 30 
23 3 13 16 22 
24 4 2 12 14 19 
25 3 15 18 30 
26 5 2 5 14 17 21 
27 5 5 7 11 21 31 
28 6 3 6 13 16 19 20 
29 5 10 11 18 30 31 
30 6 10 18 22 25 29 33 
31 3 11 27 29 
32 4 1 7 10 11 
33 4 1 10 16 30 
